0.070 69 19.6 5
0.090 69 12 1
0.120 68.6 26.2 5
0.170 83 8 1
0.179 75 4 3
0.199 75 5 3
0.200 72.9 29.6 5
0.270 77 14 1
0.280 88.8 36.6 5
0.352 83 14 3
0.380 81.5 1.9 10
0.3802 83 13.5 9
0.400 95 17 1
0.4004 77 10.2 9
0.4247 87.1 11.2 9
0.440 82.6 7.8 4
0.4497 92.8 12.9 9
0.47 89.0 23.0 11
0.4783 80.9 9 9
0.480 97 62 2
0.510 90.4 1.9 10
0.593 104 13 3
0.600 87.9 6.1 4
0.610 97.3 2.1 10
0.680 92 8 3
0.730 97.3 7 4
0.781 105 12 3
0.875 125 17 3
0.880 90 40 2
0.900 117 23 1
1.037 154 20 3
1.300 168 17 1
1.363 160 33.6 8
1.430 177 18 1
1.530 140 14 1
1.750 202 40 1
1.965 186.5 50.4 8
2.340 222 7 7
2.360 226 8 6
