#name zcmb zhel dz mb dmb x1 dx1 color dcolor 3rdvar d3rdvar cov_m_s cov_m_c cov_s_c set ra dec biascor 
0 0.0141 0.0141 0.0 14.5812793601 0.03075 0 0 0 0 0 0 0 0 0 0 0 0
1 0.0194 0.0194 0.0 15.2251883697 0.0261 0 0 0 0 0 0 0 0 0 0 0 0
2 0.0264 0.0264 0.0 15.932702317 0.0231 0 0 0 0 0 0 0 0 0 0 0 0
3 0.0329 0.0329 0.0 16.4207829558 0.0235 0 0 0 0 0 0 0 0 0 0 0 0
4 0.0395 0.0395 0.0 16.8418197241 0.02765 0 0 0 0 0 0 0 0 0 0 0 0
5 0.0475 0.0475 0.0 17.2348439906 0.0334 0 0 0 0 0 0 0 0 0 0 0 0
6 0.056 0.056 0.0 17.5741959623 0.03215 0 0 0 0 0 0 0 0 0 0 0 0
7 0.064 0.064 0.0 17.9091543501 0.0439 0 0 0 0 0 0 0 0 0 0 0 0
8 0.0725 0.0725 0.0 18.197170113 0.0361 0 0 0 0 0 0 0 0 0 0 0 0
9 0.0811 0.0811 0.0 18.5542355764 0.04215 0 0 0 0 0 0 0 0 0 0 0 0
10 0.0889 0.0889 0.0 18.7007054037 0.03635 0 0 0 0 0 0 0 0 0 0 0 0
11 0.1 0.1 0.0 19.0400549749 0.0351 0 0 0 0 0 0 0 0 0 0 0 0
12 0.1069 0.1069 0.0 19.1627213788 0.03485 0 0 0 0 0 0 0 0 0 0 0 0
13 0.1195 0.1195 0.0 19.3711795152 0.02595 0 0 0 0 0 0 0 0 0 0 0 0
14 0.1278 0.1278 0.0 19.5446526238 0.0258 0 0 0 0 0 0 0 0 0 0 0 0
15 0.1395 0.1395 0.0 19.8103492792 0.0236 0 0 0 0 0 0 0 0 0 0 0 0
16 0.1517 0.1517 0.0 19.9496707027 0.02345 0 0 0 0 0 0 0 0 0 0 0 0
17 0.1635 0.1635 0.0 20.0639346565 0.02595 0 0 0 0 0 0 0 0 0 0 0 0
18 0.1777 0.1777 0.0 20.3348489179 0.0199 0 0 0 0 0 0 0 0 0 0 0 0
19 0.1906 0.1906 0.0 20.5046456136 0.02205 0 0 0 0 0 0 0 0 0 0 0 0
20 0.2065 0.2065 0.0 20.6812473675 0.0214 0 0 0 0 0 0 0 0 0 0 0 0
21 0.2214 0.2214 0.0 20.8660752077 0.02375 0 0 0 0 0 0 0 0 0 0 0 0
22 0.2402 0.2402 0.0 21.0469110952 0.02165 0 0 0 0 0 0 0 0 0 0 0 0
23 0.2555 0.2555 0.0 21.2064907344 0.02015 0 0 0 0 0 0 0 0 0 0 0 0
24 0.2763 0.2763 0.0 21.3664642431 0.0223 0 0 0 0 0 0 0 0 0 0 0 0
25 0.2975 0.2975 0.0 21.577047765 0.0215 0 0 0 0 0 0 0 0 0 0 0 0
26 0.3218 0.3218 0.0 21.8152358847 0.02145 0 0 0 0 0 0 0 0 0 0 0 0
27 0.3446 0.3446 0.0 21.9617831598 0.02385 0 0 0 0 0 0 0 0 0 0 0 0
28 0.3705 0.3705 0.0 22.140583157 0.02125 0 0 0 0 0 0 0 0 0 0 0 0
29 0.4048 0.4048 0.0 22.3831524118 0.03135 0 0 0 0 0 0 0 0 0 0 0 0
30 0.4352 0.4352 0.0 22.5484530832 0.02605 0 0 0 0 0 0 0 0 0 0 0 0
31 0.4741 0.4741 0.0 22.7992691964 0.0297 0 0 0 0 0 0 0 0 0 0 0 0
32 0.5176 0.5176 0.0 23.0023184126 0.02685 0 0 0 0 0 0 0 0 0 0 0 0
33 0.5742 0.5742 0.0 23.3007345026 0.0245 0 0 0 0 0 0 0 0 0 0 0 0
34 0.6299 0.6299 0.0 23.5043780324 0.031 0 0 0 0 0 0 0 0 0 0 0 0
35 0.724 0.724 0.0 23.8667293039 0.027 0 0 0 0 0 0 0 0 0 0 0 0
36 0.821 0.821 0.0 24.2449519795 0.0248 0 0 0 0 0 0 0 0 0 0 0 0
37 0.9511 0.9511 0.0 24.6415323707 0.02765 0 0 0 0 0 0 0 0 0 0 0 0
38 1.2335 1.2335 0.0 25.3039351228 0.05635 0 0 0 0 0 0 0 0 0 0 0 0
39 1.6126 1.6126 0.0 25.9269720981 0.07355 0 0 0 0 0 0 0 0 0 0 0 0
